[0.40745966 0.46754052 0.85243547 0.24453273 0.71886794 0.23451629
 0.16289228 0.36122195 0.06955573 0.79676407 0.38550319 0.92454842
 0.66242821 0.9993454  0.92006817 0.64714346 0.16731787 0.52119085
 0.14383149 0.04443101 0.49464769 0.51553805 0.16681001 0.91084447
 0.77420556 0.68664761 0.27111987 0.34179499 0.69864058 0.74495971
 0.74367995 0.97158098 0.51715268 0.35233865 0.68825537 0.12230873
 0.68004581 0.50181283 0.20989332 0.83898131 0.58888579 0.83851756
 0.13122937 0.8577209  0.99166311 0.8665142  0.01765303 0.59799498
 0.30185061 0.29029228 0.71608956 0.94428083 0.88487909 0.19271162
 0.12469242 0.88234117 0.76017182 0.17250626 0.55502918 0.41241148
 0.78271613 0.49990505 0.20021501 0.49259178 0.88457233 0.29369917
 0.02823768 0.11383309 0.32593365 0.92326077 0.45215983 0.37636205
 0.07826997 0.55389625 0.87391962 0.12559911 0.65018121 0.69166797
 0.43542069 0.968296   0.16378005 0.68991362 0.26627164 0.91293283
 0.93807318 0.1667998  0.39962572 0.08104754 0.01354274 0.52366121
 0.90752445 0.41164265 0.99142418 0.29497595 0.9461445  0.31777842
 0.44801381 0.79937422 0.55114023 0.6910715 ]