1.772143471902920542e-02
7.831159468474970797e-01
9.983741948298417990e-01
5.502307439130076361e-01
4.436533318869912978e-01
7.657063323878801064e-01
3.706697779645345969e-01
9.640765717281066793e-01
7.792924551663140686e-01
9.532127727467611944e-01
6.632614844461534043e-01
2.710625341527386212e-01
4.931834363325598991e-01
6.608908302853448991e-01
6.885340314484278412e-01
3.278950965477628321e-01
6.056488089207193726e-01
5.355289671329154233e-01
6.766198182139929740e-01
9.418015868239963950e-01
8.200875057908901811e-01
9.595012035066534661e-01
6.334633770773454575e-01
3.547539762589116963e-01
3.708880647935427488e-01
3.896713344964622960e-01
4.145726248590003715e-01
6.073962668815807708e-01
5.973557026381650648e-01
9.215614065305957059e-01
5.113483907769825754e-01
6.995157071570790031e-01
2.857654136570882963e-01
5.867149398009997574e-01
3.153044090538381639e-01
1.043525505405932252e-01
8.197460298616676688e-02
9.993132766118479893e-01
2.695788921132855620e-01
5.319471236319398555e-01
4.437248657299721621e-01
8.248905819165636144e-01
6.344933305284581326e-01
1.455392920025542214e-01
1.119319048835165642e-02
7.848406558107670072e-01
5.411011268272630792e-01
5.854665805964378578e-01
3.749048688628586756e-02
5.206090072696788473e-01
1.036679656522184745e-01
9.249019002626875929e-01
9.781911622070528223e-01
4.794206101837615863e-01
9.643143321223845987e-01
8.703034737796939702e-01
7.293360462061013738e-01
8.223797414052881338e-01
7.580340125329650958e-01
8.383373585861225719e-01
9.083639751694175812e-01
7.436279671146343029e-01
8.971233706941913466e-01
1.864038963633898316e-01
6.976325080251688515e-02
7.645436402296780232e-01
1.665580583742131138e-01
9.529498212235447685e-01
8.941465562289754310e-01
8.215753536040352190e-01
5.231378183699789686e-01
1.372345985290974735e-01
7.924418992372255222e-01
3.721804909672792316e-01
7.000838178438795190e-01
8.568584078268968174e-01
9.865217822519202207e-01
1.104442369239305721e-01
2.397539826671363228e-01
4.168099076371648559e-01
6.165269532213832893e-01
3.728645399106356173e-02
5.221400081856942821e-01
4.875721924408191743e-01
3.455004922142316248e-01
4.421411559048937789e-02
1.890477202422216063e-01
8.519911274353522135e-01
5.481709279782981392e-01
1.539060678147807781e-02
3.509078416538816692e-01
7.880582305804872956e-01
2.208085523499544456e-01
1.529588957649427039e-01
4.586510634870104575e-01
8.959363853782364995e-02
2.787249982302648643e-01
6.447330795591960095e-01
4.989643256641858038e-01
3.926259914677615592e-01
